86322174
173579432
173399304
95999362
92918407
32329328
60095783
181631906
60414746
409974280
182241486
59669504
60417126
84397446
173104865
72295543
440604567
35759726
433559079
440730217
60211634
173300999
436770930
31751769
436182156
26429597
1115595161
432776828
35042200
52900699
60306123
31746071
178455313
29328027
50688970
28629758
32922567
74559050
173407127
64255855
28981663
403881911
34744410
173104987
173678717
29203232
402552061
29103810
409778322
173808383
439857372
173396435
182754132
49411193
27819194
433877367
437481690
60506003
56325889
408751680
173000908
172943585
27549727
173374425
75651190
440608688
400992844
258976205
174911867
36835574
172996852
42604965
174436172
100036561
34111773
432237292
32917163
51794570
72481475
36405376
182922208
36139622
438771278
30183286
67106460
173399329
36138781
173196813
180142136
175005116
173498705
173672934
18288680
178586209
66027281
58979423
178585785
35150613
54197363
181648197
173895746
180903971
83745310
61401253
403362637
174454344
173498928
440227787
415785375
56351300
63444458
64373640
31941125
30113947
173640677
439857371
180265393
63695550
173263162
28783474
178629694
72040799
173114758
56325612
437895536
80511400
178901977
440983429
180328287
30015691
33296504
439025015
437794431
33184728
181344789
173469465
439751201
406729608
172996573
58796066
432957236
437575227
439282604
173170381
72481820
436316047
33761928
30112018
440026366
36526715
173588052
173301112
173065972
180137757
52103991
56351384
78465069
180190520
440356491
27343409
174356047
433054861
174372808
173267057
33444626
173494567
180138633
32329450
29103774
174258449
55256360
73458687
172710739
61865482
36228458
174437202
67267253
172943947
30186030
1111287471
174569117
30015706
1112367368
400472082
416556284
439539673
1115807056
173318650
32029940
440671028
36026843
29205789
173407107
76452871
173105043
434546924
432957239
27993655
173399335
71827241
173316572
28783527
336922488
64373659
173263481
28715782
173674987
51979300
36827370
50693546
56486567
173197236
27549074
75205940
30015663
73312054
86167033
173193450
438649714
180418562
173583143
54491321
33762935
1112276623
29212109
173722437
25838800
83746038
35759818
51512213
29423932
60206067
60007877
175137531
174943696
175088717
52519809
182205596
180190487
81595216
182246323
173813482
33552443
173066982
173113345
172710728
49197970
173490356
28493303
181442514
439796791
415447014
182241498
173639508
173005633
173316843
37545262
440182093
440128645
74376017
174552407
31123184
173398610
33172612
440181342
31440198
181632531
434866126
180415781
398785600
413346489
29212097
31846441
173113339
173171416
72820972
173114799
173301026
173470651
173643945
62335334
440518941
414164243
25831500
173000886
172874147
172942099
30252925
173064310
72481826
83532290
440128666
56032191
173378294
36409135
174281697
33443840
182785906
179365160
83654136
172942264
173494466
337821646
440555440
49620253
173498684
439282603
36820115
27343314
173193891
180139682
178456069
61291252
180879852
82167401
29212103
180190109
179250924
39803924
61535687
173579433
28783589
440288048
181439258
173316557
58218046
174638334
437747985
173264967
27343407
180415815
174944760
178455732
31640301
30192766
60943445
173783631
1111983744
173641130
403778009
182747614
173463936
40211758
437243537
28499111
34031501
181489966
182798895
51642215
181439006
83927460
72303651
28778079
54504906
173265860
30932236
65931403
181627377
31846442
407715409
85802729
173410366
181484569
30015690
60417120
173399853
65424632
36951249
98438283
173065695
31330177
27687608
67959387
52103151
180138788
173114752
174045586
182938652
173556318
440227788
31844412
27337535
35390130
81205907
173554038
398311672
28325803
75993648
412025867
71827267
64255989
173192926
65540323
72312963
433867106
414169092
173262919
29529390
174155433
440764262
179424947
409054781
1112133660
407158957
30192743
173196931
60211512
438771677
173000470
174552704
178629501
180335030
174068942
175093314
56045691
180415306
69851432
182878784
29212123
178900590
433675880
173196088
27993174
34856612
434546927
33444624
75491277
173399876
173906668
82441577
73775720
174256356
174547564
83529598
173903858
180754399
63562930
173194870
179469232
173468846
173104834
173064138
30192757
31433467
60213310
174454381
85407725
34114831
81477263
174911923
27549744
173316826
174939005
73586559
181636241
1111417697
175142485
46204704
173196886
180196852
222245015
50964308
173310982
30286800
33181995
173498924
180878037
27678803
182215601
36029158
440178545
60592584
174436556
28986004
42048632
173463614
45675558
173310276
436348100
440695472
51502621
29519892
30551145
31641253
440029633
35892295
30556089
182932490
433205318
82555290
408907746
173495434
174450749
178903025
77147751
50970981
179323869
414487068
173895708
222355050
440518911
179495821
29326933
33184615
35500708
33672727
27095039
86091841
52569543
54041255
181636240
174129592
60592585
180266007
28715808
173063028
435262223
